3,2
3,1
3,3
10,137
10,315
10,77
10,119
10,265
10,227
10,213
10,1
10,115
10,2
10,3
11,26
11,16
11,9
11,27
11,30
11,22
11,10
11,1
11,23
11,2
11,3
9,7
9,1
9,5
9,2
9,3
8,14
8,6
8,8
8,18
8,16
8,13
8,1
8,11
8,2
8,3
12,2
12,1
12,3
20,2
20,1
20,3
19,2
19,1
19,3
18,1
18,3
14,1
14,3
13,1
13,3
127,3
127,2
127,1
127,0
125,3
125,2
125,1
125,0
124,3
124,2
124,1
124,0
123,3
123,2
123,1
123,0
122,3
2,2
2,1
122,2
122,1
122,0
121,3
121,2
2,3
121,1
121,0
120,3
120,2
120,1
120,0
0,523
0,509
0,507
0,492
0,472
0,450
0,426
0,318
0,317
0,243
0,0
136,34
136,33
136,32
136,31
136,30
136,29
136,28
136,27
136,26
136,25
